N <- 318
nXc <- 8
nXd <- 6
nTc <- 3
nTd <- 7
Y_Smear <- 
c(0, 0, 0, 0, 0, 0, 0, 0, 0, 0, 0, 0, 0, 0, 0, 0, 0, 0, 0, 0, 0, 0,
0, 0, 0, 0, 0, 0, 0, 0, 0, 0, 0, 0, 0, 0, 0, 1, 1, 0, 0, 0, 1, 0, 0, 1, 0, 1, 0,
0, 0, 0, 0, 1, 0, 1, 0, 1, 0, 0, 0, 0, 0, 0, 0, 0, 1, 0, 0, 0, 0, 0, 0, 0, 0, 0,
0, 1, 0, 1, 0, 0, 1, 1, 0, 1, 0, 0, 0, 1, 0, 0, 0, 0, 1, 0, 0, 0, 0, 1, 1, 0, 0,
0, 1, 0, 0, 0, 0, 0, 1, 0, 0, 1, 0, 0, 1, 1, 0, 0, 0, 1, 0, 0, 0, 0, 0, 0, 0, 0,
0, 1, 0, 0, 1, 0, 1, 0, 1, 0, 0, 0, 1, 1, 0, 0, 0, 1, 0, 0, 0, 0, 1, 1, 1, 1, 0,
0, 0, 0, 1, 0, 0, 0, 0, 0, 0, 0, 1, 0, 0, 0, 0, 0, 0, 0, 0, 1, 0, 0, 0, 0, 1, 0,
0, 1, 0, 0, 1, 1, 0, 0, 0, 0, 1, 0, 1, 0, 0, 0, 0, 1, 0, 0, 0, 0, 0, 0, 0, 0, 0,
0, 0, 0, 0, 0, 1, 0, 0, 0, 1, 1, 1, 0, 0, 0, 0, 0, 0, 1, 1, 0, 0, 0, 0, 0, 0, 0,
0, 1, 0, 0, 1, 1, 0, 0, 1, 1, 0, 0, 1, 1, 0, 0, 1, 0, 0, 0, 0, 1, 1, 0, 0, 0, 1,
0, 0, 0, 0, 0, 0, 0, 0, 0, 0, 0, 0, 0, 1, 0, 1, 0, 1, 0, 0, 0, 0, 0, 0, 1, 1, 0,
0, 1, 0, 0, 0, 0, 1, 0, 1, 1, 0, 1, 0, 0, 1, 0, 0, 0, 0, 0, 0, 0, 0, 0, 0, 0)
Y_Mgit <- 
c(0, 0, 0, 0, 0, 0, 0, 0, 0, 0, 0, 0, 0, 0, 0, 0, 0, 0, 0, 0, 0, 0,
0, 0, 0, 0, 0, 0, 0, 0, 0, 0, 0, 0, 0, 0, 0, 1, 0, 0, 0, 0, 1, 0, 0, 0, 0, 1, 0,
0, 0, 0, 0, 1, 0, 1, 0, 0, 0, 0, 0, 0, 0, 0, 0, 0, 1, 0, 0, 0, 0, 0, 0, 0, 0, 0,
0, 1, 0, 1, 0, 0, 1, 0, 0, 0, 0, 0, 0, 0, 0, 0, 0, 0, 1, 0, 0, 0, 0, 1, 0, 0, 0,
0, 1, 0, 0, 0, 0, 0, 0, 0, 0, 0, 0, 0, 0, 1, 0, 0, 0, 0, 0, 0, 0, 0, 0, 0, 0, 0,
0, 0, 0, 0, 0, 0, 0, 0, 0, 0, 0, 0, 1, 0, 0, 0, 0, 1, 0, 0, 0, 0, 0, 0, 1, 0, 0,
0, 0, 0, 1, 0, 0, 0, 0, 0, 0, 0, 1, 0, 0, 0, 0, 0, 0, 0, 0, 1, 0, 0, 0, 0, 0, 0,
0, 0, 0, 0, 0, 0, 0, 0, 0, 0, 1, 0, 1, 0, 0, 0, 0, 0, 0, 0, 0, 0, 0, 0, 0, 0, 0,
0, 1, 0, 0, 0, 1, 0, 0, 0, 1, 1, 1, 0, 0, 0, 0, 0, 0, 0, 0, 0, 0, 1, 0, 0, 0, 0,
0, 0, 0, 0, 0, 1, 1, 0, 1, 1, 0, 0, 1, 0, 0, 0, 1, 0, 0, 0, 0, 0, 1, 0, 0, 0, 1,
0, 0, 0, 0, 0, 0, 0, 0, 0, 0, 0, 0, 0, 0, 0, 0, 0, 0, 0, 0, 0, 0, 0, 0, 0, 1, 0,
0, 0, 0, 0, 0, 0, 1, 0, 1, 1, 0, 1, 0, 0, 0, 0, 0, 0, 0, 0, 0, 0, 0, 0, 0, 0)
Y_Xpert <- 
c(0, 0, 0, 0, 0, 0, 0, 0, 0, 0, 0, 0, 0, 0, 0, 0, 0, 0, 0, 0, 0, 0,
0, 0, 0, 0, 0, 0, 0, 0, 0, 0, 0, 0, 0, 0, 0, 1, 0, 0, 0, 0, 1, 0, 0, 0, 0, 1, 0,
0, 0, 0, 0, 1, 0, 1, 0, 1, 0, 0, 0, 0, 0, 0, 0, 0, 1, 0, 0, 0, 0, 0, 0, 0, 0, 0,
0, 1, 0, 1, 0, 0, 1, 0, 0, 0, 0, 0, 0, 0, 0, 0, 0, 0, 1, 0, 0, 0, 0, 1, 0, 0, 0,
0, 1, 0, 0, 0, 0, 0, 0, 0, 0, 1, 1, 0, 1, 1, 0, 0, 0, 0, 0, 0, 0, 0, 0, 0, 0, 0,
0, 0, 0, 0, 1, 0, 0, 0, 0, 0, 0, 0, 1, 1, 0, 0, 0, 1, 0, 0, 0, 0, 1, 0, 1, 0, 0,
0, 0, 0, 1, 0, 0, 0, 0, 0, 0, 0, 1, 0, 0, 0, 0, 0, 0, 0, 0, 0, 0, 0, 0, 0, 0, 0,
0, 0, 0, 0, 0, 0, 0, 0, 0, 0, 1, 0, 1, 0, 0, 0, 0, 0, 0, 0, 0, 0, 0, 0, 0, 0, 0,
0, 0, 0, 0, 0, 1, 0, 0, 0, 1, 1, 0, 0, 0, 0, 1, 0, 0, 0, 0, 0, 0, 0, 0, 0, 0, 0,
0, 0, 0, 0, 0, 1, 0, 0, 1, 1, 0, 0, 0, 0, 0, 0, 1, 0, 0, 0, 0, 0, 1, 0, 0, 0, 1,
0, 0, 0, 0, 0, 0, 0, 0, 0, 0, 0, 0, 0, 1, 0, 0, 0, 0, 0, 0, 0, 0, 0, 0, 0, 1, 0,
0, 0, 0, 0, 0, 0, 1, 0, 1, 1, 0, 1, 0, 0, 0, 0, 0, 0, 0, 0, 0, 0, 0, 0, 0, 0)
Xc <- 
structure(c(-1.37714285714286, 3.12285714285714, -2.07714285714286,
-1.77714285714286, -0.577142857142857, -1.47714285714286, -1.27714285714286,
-1.87714285714286, -1.77714285714286, 0.622857142857143, 2.52285714285714,
2.92285714285714, -2.27714285714286, -2.27714285714286, -1.37714285714286,
-2.67714285714286, -1.87714285714286, -1.17714285714286, -1.57714285714286,
-2.17714285714286, -0.877142857142857, -2.07714285714286, -0.977142857142857,
1.92285714285714, -1.07714285714286, -0.477142857142857, -2.17714285714286,
0.522857142857143, -1.47714285714286, 1.02285714285714, 1.72285714285714,
1.02285714285714, -0.877142857142857, -0.277142857142857, -1.97714285714286,
1.72285714285714, 1.62285714285714, -0.177142857142857, -1.37714285714286,
-1.67714285714286, 1.92285714285714, -1.07714285714286, 0, 2.22285714285714,
-1.77714285714286, 0.222857142857143, 0.322857142857143, 0.722857142857143,
-2.27714285714286, 2.12285714285714, 2.22285714285714, -2.67714285714286,
0.822857142857143, -1.37714285714286, -0.777142857142857, -0.777142857142857,
-2.57714285714286, -0.677142857142857, -2.07714285714286, -0.177142857142857,
-0.377142857142857, 1.82285714285714, 1.32285714285714, -2.47714285714286,
3.42285714285714, 3.02285714285714, 3.42285714285714, 2.02285714285714,
0.122857142857143, -0.877142857142857, -0.177142857142857, -2.07714285714286,
1.92285714285714, -2.27714285714286, 4.42285714285714, -1.77714285714286,
0.422857142857143, 1.12285714285714, -2.07714285714286, 0.622857142857143,
2.02285714285714, 1.62285714285714, -0.277142857142857, 1.02285714285714,
0.422857142857143, -0.577142857142857, -1.47714285714286, 1.42285714285714,
-0.977142857142857, -1.07714285714286, -0.477142857142857, -1.57714285714286,
-2.17714285714286, -2.07714285714286, -0.877142857142857, 1.22285714285714,
-1.07714285714286, 1.42285714285714, -0.177142857142857, 0.422857142857143,
2.32285714285714, -2.17714285714286, -2.07714285714286, 0.622857142857143,
-1.27714285714286, 3.12285714285714, 2.62285714285714, 1.82285714285714,
-1.97714285714286, -0.177142857142857, -0.0771428571428572, -2.57714285714286,
3.52285714285714, 0.722857142857143, 2.32285714285714, 2.72285714285714,
1.82285714285714, -0.0771428571428572, -1.67714285714286, -0.277142857142857,
1.92285714285714, 1.82285714285714, -2.47714285714286, 2.02285714285714,
2.52285714285714, -1.17714285714286, -1.67714285714286, 2.52285714285714,
-2.27714285714286, 3.32285714285714, -2.07714285714286, 1.62285714285714,
0.0228571428571428, 4.42285714285714, -0.477142857142857, -1.37714285714286,
1.22285714285714, 2.52285714285714, 0.222857142857143, 3.22285714285714,
-0.577142857142857, -1.17714285714286, -1.17714285714286, 1.02285714285714,
-2.27714285714286, -2.07714285714286, -1.87714285714286, -0.577142857142857,
-0.677142857142857, -1.87714285714286, -1.07714285714286, -0.177142857142857,
2.42285714285714, -1.37714285714286, -1.37714285714286, 1.92285714285714,
3.42285714285714, -0.277142857142857, -0.177142857142857, -2.47714285714286,
0.522857142857143, -0.477142857142857, 0.622857142857143, 1.82285714285714,
-1.47714285714286, 2.82285714285714, 1.32285714285714, 0.322857142857143,
-1.87714285714286, -1.47714285714286, -1.27714285714286, -1.57714285714286,
3.22285714285714, -1.77714285714286, 0.322857142857143, -0.377142857142857,
4.92285714285714, -1.47714285714286, -1.97714285714286, 1.22285714285714,
0.122857142857143, 0.422857142857143, 0, -0.677142857142857, 1.62285714285714,
1.12285714285714, 1.22285714285714, 0.522857142857143, -1.77714285714286,
0.922857142857143, 1.32285714285714, -0.277142857142857, -1.27714285714286,
1.12285714285714, 0.522857142857143, 1.12285714285714, -0.677142857142857,
1.82285714285714, 1.92285714285714, -2.47714285714286, -2.47714285714286,
3.32285714285714, 2.62285714285714, 0.0228571428571428, -1.57714285714286,
-2.57714285714286, 0.0228571428571428, 0.822857142857143, -1.07714285714286,
2.12285714285714, 1.12285714285714, -1.27714285714286, -0.0771428571428572,
-0.177142857142857, 0.722857142857143, 2.42285714285714, -0.977142857142857,
3.32285714285714, -2.47714285714286, -0.477142857142857, 1.62285714285714,
-1.87714285714286, 0.522857142857143, -1.67714285714286, 0.122857142857143,
3.02285714285714, 0.0228571428571428, -2.17714285714286, -1.67714285714286,
-1.57714285714286, -1.97714285714286, 2.22285714285714, 0.222857142857143,
-0.377142857142857, 1.72285714285714, -1.57714285714286, 0.822857142857143,
-1.77714285714286, -0.0771428571428572, -1.77714285714286, -0.277142857142857,
-0.777142857142857, 2.52285714285714, -0.377142857142857, 3.62285714285714,
-0.377142857142857, 2.22285714285714, 0.922857142857143, 1.42285714285714,
-1.37714285714286, 2.42285714285714, 1.32285714285714, 3.72285714285714,
-1.07714285714286, 0.822857142857143, -1.57714285714286, -2.37714285714286,
0.0228571428571428, -0.977142857142857, 3.82285714285714, -1.17714285714286,
-0.577142857142857, 2.22285714285714, -1.47714285714286, -1.67714285714286,
